Bounding Box :  76.81828945864176 30.79733811167122 76.68205882078503 30.629788396774412
28
[76.71899086964495, 30.72265957176251, 76.71884630530339, 30.72245367993225] ['AC']
[76.70047468957091, 30.67918602534172, 76.69842120884613, 30.67827017748151] ['ABD']
[76.70432876730938, 30.775835000333053, 76.69536995738201, 30.766781491648626] ['AD', 'ABE', 'BDE']
[76.70920362416311, 30.79078209766528, 76.70826083556534, 30.786537349039754] ['ACE']
[76.68710684470845, 30.657544308973346, 76.68205882078503, 30.651895567473247] ['ACD']
[76.71593319250464, 30.76233199135989, 76.71416803328157, 30.761209894327507] ['AC']
[76.78912439121575, 30.674933068567903, 76.7876389089482, 30.674113792517964] ['AB']
[76.75050863795569, 30.66803532466821, 76.74663541254395, 30.66484143693842] ['ABCDE']
[76.72775808392531, 30.644800306312558, 76.72689518473375, 30.638029685097926] ['AE', 'AD']
[76.72074668656778, 30.671911232894615, 76.71683002557937, 30.669523815737463] ['ACDE']
[76.81828945864176, 30.67042650940686, 76.81380818630075, 30.667723476121317] ['ADE']
[76.70927845174101, 30.648556155914708, 76.70336167521741, 30.6447725286553] ['AE', 'CE']
[76.770240497719, 30.749604509049174, 76.76549256441888, 30.741693892395272] ['AC', 'BC']
[76.69209191835272, 30.716218484598766, 76.68730664706446, 30.711607287879804] ['ABD']
[76.7545903192428, 30.729259638159697, 76.74968584057402, 30.726009541961] ['ABC']
[76.73545183763274, 30.778245273691326, 76.73525330159919, 30.777744014463313] ['BD']
[76.77156915920548, 30.772789330366578, 76.7697741367836, 30.76879265155447] ['BCDE']
[76.71590056101606, 30.637810293295004, 76.71378348628163, 30.633972018855562] ['BD']
[76.69975446813284, 30.754934212046987, 76.69781474168333, 30.752805786655497] ['BD']
[76.80879082841416, 30.6681277210705, 76.80614943964252, 30.667658951735966] ['BE']
[76.68618630819321, 30.72280589890001, 76.68613746528267, 30.721801167705024] ['BE']
[76.79518778786895, 30.66774339409107, 76.79017083333375, 30.66231422669208] ['DE', 'BCD']
[76.7342542195772, 30.7935790403133, 76.73395141209072, 30.791355795466924] ['CDE']
[76.81042542885089, 30.663065845785564, 76.8076816481631, 30.659568866318086] ['CD']
[76.8022237866444, 30.71737177610478, 76.80214703455063, 30.715788754581304] ['CE']
[76.75236923518544, 30.703203904700576, 76.75215112464645, 30.702305869082842] ['CE']
Time :  1.4174835681915283
