Bounding Box :  86.20087 23.69431 86.12551 23.64274
[86.13551000000001, 23.65274, 86.12551, 23.64274] ['ABCD']
[86.13551000000001, 23.662740000000003, 86.12551, 23.64274] ['ABCD']
[86.13551000000001, 23.662740000000003, 86.12551, 23.65274] ['ABCD']
[86.13551000000001, 23.672740000000005, 86.12551, 23.65274] ['ABCD']
[86.14551000000002, 23.65274, 86.12551, 23.64274] ['ABCD']
[86.14551000000002, 23.65274, 86.13551000000001, 23.64274] ['AD']
[86.14551000000002, 23.662740000000003, 86.12551, 23.64274] ['ABCD']
[86.14551000000002, 23.662740000000003, 86.12551, 23.65274] ['ABCD']
[86.14551000000002, 23.662740000000003, 86.13551000000001, 23.64274] ['AD']
[86.14551000000002, 23.672740000000005, 86.12551, 23.65274] ['ABCD']
[86.14551000000002, 23.692740000000008, 86.12551, 23.672740000000005] ['BCD']
[86.14551000000002, 23.692740000000008, 86.12551, 23.682740000000006] ['BCD']
[86.14551000000002, 23.692740000000008, 86.13551000000001, 23.672740000000005] ['BCD']
[86.14551000000002, 23.692740000000008, 86.13551000000001, 23.682740000000006] ['BCD']
[86.14551000000002, 23.69431, 86.12551, 23.672740000000005] ['BCD']
[86.14551000000002, 23.69431, 86.12551, 23.682740000000006] ['BCD']
[86.14551000000002, 23.69431, 86.13551000000001, 23.672740000000005] ['BCD']
[86.14551000000002, 23.69431, 86.13551000000001, 23.682740000000006] ['BCD']
[86.15551000000002, 23.65274, 86.13551000000001, 23.64274] ['AD']
[86.15551000000002, 23.662740000000003, 86.13551000000001, 23.64274] ['ABCDE']
[86.15551000000002, 23.662740000000003, 86.13551000000001, 23.65274] ['ABCDE']
[86.15551000000002, 23.662740000000003, 86.14551000000002, 23.64274] ['ABCDE']
[86.15551000000002, 23.662740000000003, 86.14551000000002, 23.65274] ['ABCDE']
[86.15551000000002, 23.672740000000005, 86.13551000000001, 23.65274] ['ABCDE']
[86.15551000000002, 23.672740000000005, 86.13551000000001, 23.662740000000003] ['CD', 'CE', 'DE']
[86.15551000000002, 23.672740000000005, 86.14551000000002, 23.65274] ['ABCDE']
[86.15551000000002, 23.672740000000005, 86.14551000000002, 23.662740000000003] ['CD', 'CE', 'DE']
[86.15551000000002, 23.682740000000006, 86.13551000000001, 23.662740000000003] ['CD', 'CE', 'DE']
[86.15551000000002, 23.682740000000006, 86.14551000000002, 23.662740000000003] ['CD', 'CE', 'DE']
[86.15551000000002, 23.692740000000008, 86.13551000000001, 23.672740000000005] ['BCD']
[86.15551000000002, 23.692740000000008, 86.13551000000001, 23.682740000000006] ['BCD']
[86.15551000000002, 23.692740000000008, 86.14551000000002, 23.672740000000005] ['BCD']
[86.15551000000002, 23.692740000000008, 86.14551000000002, 23.682740000000006] ['BCD']
[86.15551000000002, 23.69431, 86.13551000000001, 23.672740000000005] ['BCD']
[86.15551000000002, 23.69431, 86.13551000000001, 23.682740000000006] ['BCD']
[86.15551000000002, 23.69431, 86.14551000000002, 23.672740000000005] ['BCD']
[86.15551000000002, 23.69431, 86.14551000000002, 23.682740000000006] ['BCD']
[86.16551000000003, 23.662740000000003, 86.14551000000002, 23.64274] ['ABCDE']
[86.16551000000003, 23.662740000000003, 86.14551000000002, 23.65274] ['ABCDE']
[86.16551000000003, 23.662740000000003, 86.15551000000002, 23.64274] ['ADE']
[86.16551000000003, 23.662740000000003, 86.15551000000002, 23.65274] ['ADE']
[86.16551000000003, 23.672740000000005, 86.14551000000002, 23.65274] ['ABCDE']
[86.16551000000003, 23.672740000000005, 86.14551000000002, 23.662740000000003] ['CD', 'CE', 'DE']
[86.16551000000003, 23.672740000000005, 86.15551000000002, 23.65274] ['ADE']
[86.16551000000003, 23.682740000000006, 86.14551000000002, 23.662740000000003] ['CD', 'CE', 'DE']
[86.16551000000003, 23.692740000000008, 86.14551000000002, 23.672740000000005] ['BCD']
[86.16551000000003, 23.692740000000008, 86.14551000000002, 23.682740000000006] ['BCD']
[86.16551000000003, 23.69431, 86.14551000000002, 23.672740000000005] ['BCD']
[86.16551000000003, 23.69431, 86.14551000000002, 23.682740000000006] ['BCD']
[86.17551000000003, 23.662740000000003, 86.15551000000002, 23.64274] ['ADE']
[86.17551000000003, 23.662740000000003, 86.15551000000002, 23.65274] ['ADE']
[86.17551000000003, 23.672740000000005, 86.15551000000002, 23.65274] ['ADE']
[86.17551000000003, 23.692740000000008, 86.15551000000002, 23.672740000000005] ['BD']
[86.17551000000003, 23.692740000000008, 86.16551000000003, 23.672740000000005] ['BD']
[86.17551000000003, 23.69431, 86.15551000000002, 23.672740000000005] ['BD']
[86.17551000000003, 23.69431, 86.16551000000003, 23.672740000000005] ['BD']
[86.18551000000004, 23.65274, 86.16551000000003, 23.64274] ['ABCDE']
[86.18551000000004, 23.65274, 86.17551000000003, 23.64274] ['ABCDE']
[86.18551000000004, 23.662740000000003, 86.16551000000003, 23.64274] ['ABCDE']
[86.18551000000004, 23.662740000000003, 86.16551000000003, 23.65274] ['ABCD']
[86.18551000000004, 23.662740000000003, 86.17551000000003, 23.64274] ['ABCDE']
[86.18551000000004, 23.662740000000003, 86.17551000000003, 23.65274] ['ABCD']
[86.18551000000004, 23.672740000000005, 86.16551000000003, 23.65274] ['ABCD']
[86.18551000000004, 23.672740000000005, 86.17551000000003, 23.65274] ['ABCD']
[86.18551000000004, 23.682740000000006, 86.16551000000003, 23.662740000000003] ['BDE', 'CDE', 'ABCE']
[86.18551000000004, 23.682740000000006, 86.16551000000003, 23.672740000000005] ['BDE', 'CDE', 'ABCE']
[86.18551000000004, 23.682740000000006, 86.17551000000003, 23.662740000000003] ['BDE', 'CDE', 'ABCE']
[86.18551000000004, 23.682740000000006, 86.17551000000003, 23.672740000000005] ['BDE', 'CDE', 'ABCE']
[86.18551000000004, 23.692740000000008, 86.16551000000003, 23.672740000000005] ['ABCDE']
[86.18551000000004, 23.692740000000008, 86.16551000000003, 23.682740000000006] ['ABCDE']
[86.18551000000004, 23.692740000000008, 86.17551000000003, 23.672740000000005] ['ABCDE']
[86.18551000000004, 23.692740000000008, 86.17551000000003, 23.682740000000006] ['ABCDE']
[86.18551000000004, 23.69431, 86.16551000000003, 23.672740000000005] ['ABCDE']
[86.18551000000004, 23.69431, 86.16551000000003, 23.682740000000006] ['ABCDE']
[86.18551000000004, 23.69431, 86.17551000000003, 23.672740000000005] ['ABCDE']
[86.18551000000004, 23.69431, 86.17551000000003, 23.682740000000006] ['ABCDE']
[86.19551000000004, 23.65274, 86.17551000000003, 23.64274] ['ABCDE']
[86.19551000000004, 23.65274, 86.18551000000004, 23.64274] ['ADE', 'CDE']
[86.19551000000004, 23.662740000000003, 86.17551000000003, 23.64274] ['ABCDE']
[86.19551000000004, 23.662740000000003, 86.17551000000003, 23.65274] ['ABCD', 'ABDE']
[86.19551000000004, 23.662740000000003, 86.18551000000004, 23.64274] ['ABDE', 'BCDE']
[86.19551000000004, 23.662740000000003, 86.18551000000004, 23.65274] ['ABDE']
[86.19551000000004, 23.672740000000005, 86.17551000000003, 23.65274] ['ABC', 'ACD', 'BCD', 'ABDE']
[86.19551000000004, 23.672740000000005, 86.17551000000003, 23.662740000000003] ['ABC']
[86.19551000000004, 23.672740000000005, 86.18551000000004, 23.65274] ['ABC', 'ABDE']
[86.19551000000004, 23.672740000000005, 86.18551000000004, 23.662740000000003] ['ABC']
[86.19551000000004, 23.682740000000006, 86.17551000000003, 23.662740000000003] ['ABE', 'ABC', 'ACE', 'BCE', 'BDE', 'CDE']
[86.19551000000004, 23.682740000000006, 86.17551000000003, 23.672740000000005] ['BDE', 'CDE', 'ABCE']
[86.19551000000004, 23.682740000000006, 86.18551000000004, 23.662740000000003] ['ABC']
[86.19551000000004, 23.692740000000008, 86.17551000000003, 23.672740000000005] ['ABCDE']
[86.19551000000004, 23.692740000000008, 86.17551000000003, 23.682740000000006] ['ABCDE']
[86.19551000000004, 23.69431, 86.17551000000003, 23.672740000000005] ['ABCDE']
[86.19551000000004, 23.69431, 86.17551000000003, 23.682740000000006] ['ABCDE']
[86.20087, 23.65274, 86.17551000000003, 23.64274] ['ABCDE']
[86.20087, 23.65274, 86.18551000000004, 23.64274] ['ADE', 'CDE']
[86.20087, 23.662740000000003, 86.17551000000003, 23.65274] ['ABCD', 'ABDE']
[86.20087, 23.662740000000003, 86.18551000000004, 23.64274] ['ABDE', 'BCDE']
[86.20087, 23.662740000000003, 86.18551000000004, 23.65274] ['ABDE']
[86.20087, 23.672740000000005, 86.17551000000003, 23.662740000000003] ['ABC']
[86.20087, 23.672740000000005, 86.18551000000004, 23.65274] ['ABC', 'ABDE']
[86.20087, 23.672740000000005, 86.18551000000004, 23.662740000000003] ['ABC']
[86.20087, 23.682740000000006, 86.17551000000003, 23.672740000000005] ['BDE', 'CDE', 'ABCE']
[86.20087, 23.682740000000006, 86.18551000000004, 23.662740000000003] ['ABC']
[86.20087, 23.692740000000008, 86.17551000000003, 23.682740000000006] ['ABCDE']
[86.20087, 23.69431, 86.17551000000003, 23.682740000000006] ['ABCDE']
Regions Checked :  187
Total Regions :  1813
Time :  10.928619146347046
